50468 1960 1 1 -274 -223 -291
50468 1960 1 2 -320 -279 -350
50468 1960 1 3 -299 -259 -338
50468 1960 1 4 -252 -233 -267
50468 1960 1 5 -242 -221 -255
50468 1960 1 6 -261 -219 -286
50468 1960 1 7 -260 -195 -306
50468 1960 1 8 -274 -219 -321
50468 1960 1 9 -254 -177 -286
50468 1960 1 10 -261 -214 -301
50468 1960 1 11 -294 -234 -325
50468 1960 1 12 -288 -229 -341
50468 1960 1 13 -294 -226 -331
50468 1960 1 14 -294 -229 -332
50468 1960 1 15 -283 -222 -326
50468 1960 1 16 -332 -270 -376
50468 1960 1 17 -337 -244 -381
50468 1960 1 18 -324 -245 -377
50468 1960 1 19 -252 -195 -306
50468 1960 1 20 -259 -199 -316
50468 1960 1 21 -261 -214 -298
50468 1960 1 22 -296 -229 -336
50468 1960 1 23 -293 -233 -348
50468 1960 1 24 -275 -174 -331
50468 1960 1 25 -281 -200 -331
50468 1960 1 26 -233 -192 -295
50468 1960 1 27 -236 -162 -287
50468 1960 1 28 -182 -124 -232
50468 1960 1 29 -151 -67 -203
50468 1960 1 30 -154 -87 -229
50468 1960 1 31 -139 -75 -205
50468 1960 2 1 -137 -65 -202
50468 1960 2 2 -143 -73 -202
50468 1960 2 3 -169 -108 -205
50468 1960 2 4 -196 -143 -225
50468 1960 2 5 -206 -168 -227
50468 1960 2 6 -213 -178 -225
50468 1960 2 7 -186 -118 -300
50468 1960 2 8 -225 -161 -280
50468 1960 2 9 -234 -199 -273
50468 1960 2 10 -251 -200 -296
50468 1960 2 11 -211 -154 -256
50468 1960 2 12 -184 -113 -250
50468 1960 2 13 -182 -143 -208
50468 1960 2 14 -182 -117 -234
50468 1960 2 15 -143 -67 -215
50468 1960 2 16 -137 -64 -187
50468 1960 2 17 -153 -108 -195
50468 1960 2 18 -160 -93 -226
50468 1960 2 19 -177 -114 -235
50468 1960 2 20 -181 -117 -238
50468 1960 2 21 -139 -50 -210
50468 1960 2 22 -79 20 -183
50468 1960 2 23 -48 45 -133
50468 1960 2 24 -39 18 -93
50468 1960 2 25 -164 -85 -206
50468 1960 2 26 -201 -148 -230
50468 1960 2 27 -206 -135 -268
50468 1960 2 28 -203 -130 -254
50468 1960 2 29 -217 -131 -277
50468 1960 3 1 -213 -132 -268
50468 1960 3 2 -208 -147 -264
50468 1960 3 3 -202 -147 -230
50468 1960 3 4 -207 -113 -266
50468 1960 3 5 -205 -146 -264
50468 1960 3 6 -185 -109 -234
50468 1960 3 7 -164 -87 -220
50468 1960 3 8 -192 -94 -265
50468 1960 3 9 -124 -26 -193
50468 1960 3 10 -96 -57 -117
50468 1960 3 11 -111 -85 -122
50468 1960 3 12 -148 -115 -174
50468 1960 3 13 -159 -113 -185
50468 1960 3 14 -171 -84 -234
50468 1960 3 15 -138 -8 -223
50468 1960 3 16 -85 -5 -154
50468 1960 3 17 -69 4 -149
50468 1960 3 18 -67 4 -144
50468 1960 3 19 -52 -24 -66
50468 1960 3 20 -98 -56 -132
50468 1960 3 21 -107 -15 -185
50468 1960 3 22 -68 -39 -95
50468 1960 3 23 -93 -47 -127
50468 1960 3 24 -92 4 -204
50468 1960 3 25 -37 1 -56
50468 1960 3 26 -77 -13 -121
50468 1960 3 27 -77 -11 -165
50468 1960 3 28 -43 3 -130
50468 1960 3 29 -38 3 -81
50468 1960 3 30 -72 -12 -125
50468 1960 3 31 -89 -42 -130
50468 1960 4 1 -76 -17 -124
50468 1960 4 2 -68 18 -155
50468 1960 4 3 -40 16 -104
50468 1960 4 4 -25 21 -65
50468 1960 4 5 -23 11 -50
50468 1960 4 6 -50 -14 -88
50468 1960 4 7 -27 42 -106
50468 1960 4 8 16 94 -52
50468 1960 4 9 31 97 -25
50468 1960 4 10 -36 5 -67
50468 1960 4 11 -6 57 -67
50468 1960 4 12 -43 4 -92
50468 1960 4 13 -49 14 -109
50468 1960 4 14 -27 29 -69
50468 1960 4 15 -15 43 -73
50468 1960 4 16 -8 57 -67
50468 1960 4 17 0 73 -50
50468 1960 4 18 6 78 -64
50468 1960 4 19 15 87 -55
50468 1960 4 20 26 60 -3
50468 1960 4 21 18 50 0
50468 1960 4 22 48 99 3
50468 1960 4 23 76 152 17
50468 1960 4 24 60 114 2
50468 1960 4 25 49 116 -20
50468 1960 4 26 36 96 -16
50468 1960 4 27 40 120 -32
50468 1960 4 28 50 99 13
50468 1960 4 29 67 160 -31
50468 1960 4 30 65 155 15
50468 1960 5 1 15 73 -22
50468 1960 5 2 50 114 -12
50468 1960 5 3 58 120 -16
50468 1960 5 4 27 105 0
50468 1960 5 5 33 78 -2
50468 1960 5 6 42 87 7
50468 1960 5 7 43 84 0
50468 1960 5 8 51 108 -13
50468 1960 5 9 38 80 -14
50468 1960 5 10 46 117 -27
50468 1960 5 11 64 138 -18
50468 1960 5 12 82 138 26
50468 1960 5 13 74 150 2
50468 1960 5 14 100 190 17
50468 1960 5 15 118 164 73
50468 1960 5 16 102 126 83
50468 1960 5 17 94 145 64
50468 1960 5 18 86 121 76
50468 1960 5 19 88 131 62
50468 1960 5 20 95 143 25
50468 1960 5 21 83 125 29
50468 1960 5 22 89 134 25
50468 1960 5 23 112 180 18
50468 1960 5 24 139 217 38
50468 1960 5 25 118 173 87
50468 1960 5 26 132 194 53
50468 1960 5 27 122 192 66
50468 1960 5 28 148 205 68
50468 1960 5 29 133 192 81
50468 1960 5 30 153 212 96
50468 1960 5 31 140 224 95
50468 1960 6 1 135 195 110
50468 1960 6 2 137 183 109
50468 1960 6 3 116 157 109
50468 1960 6 4 129 160 108
50468 1960 6 5 133 150 114
50468 1960 6 6 145 185 102
50468 1960 6 7 161 205 91
50468 1960 6 8 167 234 82
50468 1960 6 9 187 257 96
50468 1960 6 10 197 267 118
50468 1960 6 11 192 261 140
50468 1960 6 12 204 273 111
50468 1960 6 13 191 255 135
50468 1960 6 14 153 215 76
50468 1960 6 15 180 272 117
50468 1960 6 16 178 223 134
50468 1960 6 17 185 252 118
50468 1960 6 18 155 235 88
50468 1960 6 19 160 235 81
50468 1960 6 20 142 212 111
50468 1960 6 21 110 127 99
50468 1960 6 22 102 124 76
50468 1960 6 23 120 148 94
50468 1960 6 24 143 186 104
50468 1960 6 25 175 234 109
50468 1960 6 26 184 228 144
50468 1960 6 27 222 311 128
50468 1960 6 28 235 276 154
50468 1960 6 29 207 262 177
50468 1960 6 30 214 270 150
50468 1960 7 1 196 249 152
50468 1960 7 2 178 249 106
50468 1960 7 3 167 222 97
50468 1960 7 4 177 241 107
50468 1960 7 5 204 271 121
50468 1960 7 6 207 257 137
50468 1960 7 7 191 229 152
50468 1960 7 8 182 207 156
50468 1960 7 9 198 260 144
50468 1960 7 10 207 267 137
50468 1960 7 11 221 287 146
50468 1960 7 12 233 311 146
50468 1960 7 13 246 312 166
50468 1960 7 14 251 320 175
50468 1960 7 15 259 321 212
50468 1960 7 16 252 315 207
50468 1960 7 17 249 307 219
50468 1960 7 18 223 302 185
50468 1960 7 19 214 275 169
50468 1960 7 20 196 224 159
50468 1960 7 21 191 255 135
50468 1960 7 22 193 262 141
50468 1960 7 23 207 279 132
50468 1960 7 24 202 278 111
50468 1960 7 25 211 276 126
50468 1960 7 26 214 281 126
50468 1960 7 27 206 287 151
50468 1960 7 28 230 314 149
50468 1960 7 29 254 321 163
50468 1960 7 30 237 300 206
50468 1960 7 31 231 295 164
50468 1960 8 1 218 276 175
50468 1960 8 2 190 235 158
50468 1960 8 3 210 294 135
50468 1960 8 4 193 260 153
50468 1960 8 5 210 280 146
50468 1960 8 6 232 304 175
50468 1960 8 7 195 234 160
50468 1960 8 8 156 184 145
50468 1960 8 9 181 251 123
50468 1960 8 10 164 208 98
50468 1960 8 11 169 237 93
50468 1960 8 12 179 254 114
50468 1960 8 13 192 287 118
50468 1960 8 14 226 309 145
50468 1960 8 15 209 284 132
50468 1960 8 16 183 220 164
50468 1960 8 17 203 256 157
50468 1960 8 18 201 266 148
50468 1960 8 19 209 271 168
50468 1960 8 20 205 239 188
50468 1960 8 21 207 261 183
50468 1960 8 22 176 195 160
50468 1960 8 23 154 195 118
50468 1960 8 24 151 178 143
50468 1960 8 25 137 183 78
50468 1960 8 26 127 187 99
50468 1960 8 27 148 215 100
50468 1960 8 28 178 267 98
50468 1960 8 29 198 278 128
50468 1960 8 30 175 235 127
50468 1960 8 31 165 217 143
50468 1960 9 1 175 245 95
50468 1960 9 2 156 189 105
50468 1960 9 3 163 223 132
50468 1960 9 4 137 198 96
50468 1960 9 5 133 193 67
50468 1960 9 6 120 160 70
50468 1960 9 7 96 142 50
50468 1960 9 8 120 134 107
50468 1960 9 9 120 175 90
50468 1960 9 10 124 206 50
50468 1960 9 11 111 160 65
50468 1960 9 12 135 144 122
50468 1960 9 13 139 187 107
50468 1960 9 14 101 151 50
50468 1960 9 15 122 182 62
50468 1960 9 16 115 186 52
50468 1960 9 17 109 145 82
50468 1960 9 18 130 226 39
50468 1960 9 19 139 190 75
50468 1960 9 20 97 174 5
50468 1960 9 21 79 114 55
50468 1960 9 22 95 168 51
50468 1960 9 23 118 178 54
50468 1960 9 24 73 118 38
50468 1960 9 25 62 152 -6
50468 1960 9 26 61 93 6
50468 1960 9 27 66 123 25
50468 1960 9 28 82 160 -2
50468 1960 9 29 111 178 71
50468 1960 9 30 57 142 27
50468 1960 10 1 2 62 -34
50468 1960 10 2 13 106 -79
50468 1960 10 3 84 159 -4
50468 1960 10 4 71 128 17
50468 1960 10 5 70 152 -7
50468 1960 10 6 104 208 4
50468 1960 10 7 86 195 9
50468 1960 10 8 46 104 4
50468 1960 10 9 33 104 -27
50468 1960 10 10 45 114 -4
50468 1960 10 11 62 167 -35
50468 1960 10 12 82 185 -19
50468 1960 10 13 18 142 -49
50468 1960 10 14 -25 41 -97
50468 1960 10 15 -16 28 -40
50468 1960 10 16 -7 52 -70
50468 1960 10 17 1 89 -47
50468 1960 10 18 -71 -18 -106
50468 1960 10 19 -60 27 -143
50468 1960 10 20 -34 42 -95
50468 1960 10 21 -5 79 -74
50468 1960 10 22 36 103 -13
50468 1960 10 23 -30 30 -83
50468 1960 10 24 -55 7 -91
50468 1960 10 25 -33 37 -124
50468 1960 10 26 -29 24 -75
50468 1960 10 27 -26 47 -83
50468 1960 10 28 -58 24 -122
50468 1960 10 29 -35 7 -94
50468 1960 10 30 -35 31 -92
50468 1960 10 31 5 27 -67
50468 1960 11 1 1 26 -5
50468 1960 11 2 -25 9 -75
50468 1960 11 3 -66 -30 -109
50468 1960 11 4 -63 -27 -82
50468 1960 11 5 -87 -37 -151
50468 1960 11 6 -82 -43 -163
50468 1960 11 7 -113 -17 -160
50468 1960 11 8 -120 -73 -164
50468 1960 11 9 -121 -75 -182
50468 1960 11 10 -109 -81 -131
50468 1960 11 11 -109 -61 -150
50468 1960 11 12 -130 -43 -177
50468 1960 11 13 -149 -55 -185
50468 1960 11 14 -133 -92 -171
50468 1960 11 15 -141 -73 -176
50468 1960 11 16 -138 -106 -170
50468 1960 11 17 -106 -61 -143
50468 1960 11 18 -96 -81 -139
50468 1960 11 19 -104 -67 -166
50468 1960 11 20 -142 -90 -205
50468 1960 11 21 -106 -58 -183
50468 1960 11 22 -223 -152 -261
50468 1960 11 23 -265 -196 -293
50468 1960 11 24 -279 -191 -321
50468 1960 11 25 -288 -234 -320
50468 1960 11 26 -262 -201 -309
50468 1960 11 27 -276 -227 -309
50468 1960 11 28 -250 -178 -307
50468 1960 11 29 -172 -110 -265
50468 1960 11 30 -200 -167 -225
50468 1960 12 1 -246 -205 -289
50468 1960 12 2 -253 -219 -278
50468 1960 12 3 -282 -230 -342
50468 1960 12 4 -269 -216 -320
50468 1960 12 5 -286 -240 -331
50468 1960 12 6 -257 -193 -305
50468 1960 12 7 -203 -103 -291
50468 1960 12 8 -256 -189 -287
50468 1960 12 9 -202 -163 -244
50468 1960 12 10 -185 -133 -207
50468 1960 12 11 -199 -119 -252
50468 1960 12 12 -268 -220 -312
50468 1960 12 13 -203 -145 -262
50468 1960 12 14 -219 -171 -256
50468 1960 12 15 -294 -225 -333
50468 1960 12 16 -266 -183 -324
50468 1960 12 17 -219 -183 -273
50468 1960 12 18 -203 -162 -241
50468 1960 12 19 -237 -193 -278
50468 1960 12 20 -260 -173 -306
50468 1960 12 21 -297 -232 -336
50468 1960 12 22 -327 -267 -357
50468 1960 12 23 -314 -245 -358
50468 1960 12 24 -318 -259 -352
50468 1960 12 25 -332 -277 -368
50468 1960 12 26 -326 -256 -358
50468 1960 12 27 -310 -258 -335
50468 1960 12 28 -273 -231 -323
50468 1960 12 29 -257 -224 -304
50468 1960 12 30 -257 -222 -274
50468 1960 12 31 -268 -206 -306
50468 1961 1 1 -299 -213 -334
50468 1961 1 2 -320 -235 -345
50468 1961 1 3 -313 -280 -348
50468 1961 1 4 -269 -223 -329
50468 1961 1 5 -301 -198 -339
50468 1961 1 6 -347 -304 -384
50468 1961 1 7 -345 -297 -391
50468 1961 1 8 -306 -252 -358
50468 1961 1 9 -321 -251 -379
50468 1961 1 10 -346 -291 -401
50468 1961 1 11 -310 -254 -344
50468 1961 1 12 -318 -268 -364
50468 1961 1 13 -314 -252 -343
50468 1961 1 14 -324 -247 -372
50468 1961 1 15 -287 -217 -327
50468 1961 1 16 -285 -226 -323
50468 1961 1 17 -316 -253 -356
50468 1961 1 18 -295 -231 -344
50468 1961 1 19 -305 -258 -343
50468 1961 1 20 -282 -221 -333
50468 1961 1 21 -220 -192 -239
50468 1961 1 22 -220 -158 -288
50468 1961 1 23 -242 -193 -292
50468 1961 1 24 -217 -120 -278
50468 1961 1 25 -204 -162 -247
50468 1961 1 26 -217 -162 -262
50468 1961 1 27 -262 -181 -311
50468 1961 1 28 -246 -196 -296
50468 1961 1 29 -205 -167 -249
50468 1961 1 30 -208 -160 -264
50468 1961 1 31 -141 -123 -184
50468 1961 2 1 -168 -118 -223
50468 1961 2 2 -229 -151 -285
50468 1961 2 3 -271 -235 -324
50468 1961 2 4 -231 -164 -268
50468 1961 2 5 -230 -147 -270
50468 1961 2 6 -251 -212 -294
50468 1961 2 7 -266 -173 -307
50468 1961 2 8 -227 -143 -293
50468 1961 2 9 -231 -166 -258
50468 1961 2 10 -246 -186 -294
50468 1961 2 11 -273 -211 -318
50468 1961 2 12 -214 -131 -316
50468 1961 2 13 -206 -165 -268
50468 1961 2 14 -213 -172 -235
50468 1961 2 15 -248 -196 -287
50468 1961 2 16 -222 -152 -285
50468 1961 2 17 -166 -87 -222
50468 1961 2 18 -186 -90 -236
50468 1961 2 19 -206 -146 -267
50468 1961 2 20 -183 -122 -236
50468 1961 2 21 -171 -99 -224
50468 1961 2 22 -163 -88 -228
50468 1961 2 23 -193 -125 -245
50468 1961 2 24 -203 -122 -260
50468 1961 2 25 -193 -98 -253
50468 1961 2 26 -200 -139 -260
50468 1961 2 27 -195 -127 -235
50468 1961 2 28 -179 -108 -265
50468 1961 3 1 -88 -43 -147
50468 1961 3 2 -139 -83 -210
50468 1961 3 3 -150 -71 -216
50468 1961 3 4 -102 -19 -178
50468 1961 3 5 -99 -34 -193
50468 1961 3 6 -114 -57 -186
50468 1961 3 7 -169 -110 -208
50468 1961 3 8 -173 -92 -239
50468 1961 3 9 -150 -60 -217
50468 1961 3 10 -113 -28 -176
50468 1961 3 11 -83 -11 -163
50468 1961 3 12 -105 -3 -175
50468 1961 3 13 -101 3 -176
50468 1961 3 14 -90 -18 -174
50468 1961 3 15 -44 41 -134
50468 1961 3 16 -26 20 -93
50468 1961 3 17 -39 4 -86
50468 1961 3 18 -47 3 -86
50468 1961 3 19 -46 -6 -82
50468 1961 3 20 -76 7 -162
50468 1961 3 21 -52 -8 -74
50468 1961 3 22 -86 -36 -132
50468 1961 3 23 -109 -72 -155
50468 1961 3 24 -132 -86 -172
50468 1961 3 25 -104 -44 -159
50468 1961 3 26 -91 -17 -158
50468 1961 3 27 -96 -30 -137
50468 1961 3 28 -75 10 -149
50468 1961 3 29 -59 5 -122
50468 1961 3 30 -46 -13 -84
50468 1961 3 31 -24 20 -103
50468 1961 4 1 -5 36 -62
50468 1961 4 2 -15 27 -65
50468 1961 4 3 -13 34 -38
50468 1961 4 4 -37 -6 -56
50468 1961 4 5 -80 -37 -125
50468 1961 4 6 -70 -17 -121
50468 1961 4 7 -59 -9 -128
50468 1961 4 8 -48 2 -103
50468 1961 4 9 -21 34 -92
50468 1961 4 10 36 129 -92
50468 1961 4 11 73 137 23
50468 1961 4 12 33 75 3
50468 1961 4 13 2 42 -23
50468 1961 4 14 -10 28 -36
50468 1961 4 15 8 62 -67
50468 1961 4 16 5 45 -12
50468 1961 4 17 15 67 -38
50468 1961 4 18 45 125 -28
50468 1961 4 19 64 133 5
50468 1961 4 20 47 92 10
50468 1961 4 21 22 83 -20
50468 1961 4 22 82 171 -24
50468 1961 4 23 38 98 6
50468 1961 4 24 72 173 -21
50468 1961 4 25 141 238 33
50468 1961 4 26 71 133 10
50468 1961 4 27 23 89 -67
50468 1961 4 28 46 84 2
50468 1961 4 29 56 110 27
50468 1961 4 30 66 147 -4
50468 1961 5 1 11 51 -43
50468 1961 5 2 38 83 -8
50468 1961 5 3 41 116 -31
50468 1961 5 4 57 142 -51
50468 1961 5 5 76 156 -34
50468 1961 5 6 91 140 34
50468 1961 5 7 77 137 22
50468 1961 5 8 88 142 45
50468 1961 5 9 78 137 6
50468 1961 5 10 89 165 3
50468 1961 5 11 93 158 15
50468 1961 5 12 84 190 -16
50468 1961 5 13 83 128 12
50468 1961 5 14 94 155 17
50468 1961 5 15 83 158 -3
50468 1961 5 16 101 169 22
50468 1961 5 17 124 202 26
50468 1961 5 18 121 199 41
50468 1961 5 19 121 194 39
50468 1961 5 20 94 141 60
50468 1961 5 21 134 224 25
50468 1961 5 22 182 293 87
50468 1961 5 23 105 177 43
50468 1961 5 24 96 184 -11
50468 1961 5 25 149 265 17
50468 1961 5 26 151 230 110
50468 1961 5 27 119 196 43
50468 1961 5 28 138 221 23
50468 1961 5 29 139 224 23
50468 1961 5 30 145 215 75
50468 1961 5 31 193 306 76
50468 1961 6 1 245 353 117
50468 1961 6 2 154 255 91
50468 1961 6 3 152 201 96
50468 1961 6 4 154 237 80
50468 1961 6 5 166 226 111
50468 1961 6 6 157 222 107
50468 1961 6 7 142 198 93
50468 1961 6 8 139 216 47
50468 1961 6 9 186 268 82
50468 1961 6 10 165 216 139
50468 1961 6 11 127 161 103
50468 1961 6 12 132 197 50
50468 1961 6 13 163 243 78
50468 1961 6 14 170 248 77
50468 1961 6 15 198 273 100
50468 1961 6 16 185 228 147
50468 1961 6 17 192 261 125
50468 1961 6 18 147 222 80
50468 1961 6 19 148 175 114
50468 1961 6 20 161 212 132
50468 1961 6 21 171 244 90
50468 1961 6 22 176 254 92
50468 1961 6 23 137 176 94
50468 1961 6 24 161 229 81
50468 1961 6 25 162 212 113
50468 1961 6 26 199 276 101
50468 1961 6 27 189 261 150
50468 1961 6 28 183 247 136
50468 1961 6 29 204 269 105
50468 1961 6 30 200 262 155
50468 1961 7 1 173 205 157
50468 1961 7 2 176 196 151
50468 1961 7 3 165 197 148
50468 1961 7 4 161 198 128
50468 1961 7 5 160 209 98
50468 1961 7 6 166 224 87
50468 1961 7 7 167 244 102
50468 1961 7 8 224 304 116
50468 1961 7 9 269 344 198
50468 1961 7 10 191 255 133
50468 1961 7 11 167 210 114
50468 1961 7 12 223 296 156
50468 1961 7 13 214 263 166
50468 1961 7 14 186 250 141
50468 1961 7 15 180 234 102
50468 1961 7 16 188 217 145
50468 1961 7 17 188 233 128
50468 1961 7 18 212 252 181
50468 1961 7 19 213 270 152
50468 1961 7 20 209 255 157
50468 1961 7 21 192 219 174
50468 1961 7 22 211 265 164
50468 1961 7 23 204 259 138
50468 1961 7 24 191 219 157
50468 1961 7 25 200 223 177
50468 1961 7 26 212 261 178
50468 1961 7 27 208 275 132
50468 1961 7 28 204 267 145
50468 1961 7 29 215 266 167
50468 1961 7 30 225 296 155
50468 1961 7 31 231 301 152
50468 1961 8 1 216 251 196
50468 1961 8 2 206 231 187
50468 1961 8 3 232 294 174
50468 1961 8 4 231 291 158
50468 1961 8 5 214 244 197
50468 1961 8 6 213 262 154
50468 1961 8 7 190 227 162
50468 1961 8 8 197 243 166
50468 1961 8 9 182 248 140
50468 1961 8 10 202 254 142
50468 1961 8 11 205 248 170
50468 1961 8 12 195 206 183
50468 1961 8 13 195 228 179
50468 1961 8 14 185 232 147
50468 1961 8 15 182 243 130
50468 1961 8 16 171 259 93
50468 1961 8 17 189 262 101
50468 1961 8 18 198 263 138
50468 1961 8 19 195 243 153
50468 1961 8 20 173 218 124
50468 1961 8 21 150 210 91
50468 1961 8 22 175 244 122
50468 1961 8 23 180 230 116
50468 1961 8 24 174 238 126
50468 1961 8 25 122 178 76
50468 1961 8 26 138 198 82
50468 1961 8 27 153 217 93
50468 1961 8 28 132 189 64
50468 1961 8 29 148 210 65
50468 1961 8 30 154 182 130
50468 1961 8 31 174 230 136
50468 1961 9 1 153 198 125
50468 1961 9 2 148 206 86
50468 1961 9 3 130 182 102
50468 1961 9 4 126 194 52
50468 1961 9 5 138 217 52
50468 1961 9 6 157 185 126
50468 1961 9 7 151 180 132
50468 1961 9 8 118 169 95
50468 1961 9 9 114 165 70
50468 1961 9 10 126 206 53
50468 1961 9 11 146 195 86
50468 1961 9 12 138 195 107
50468 1961 9 13 106 174 62
50468 1961 9 14 74 133 38
50468 1961 9 15 66 105 40
50468 1961 9 16 91 140 43
50468 1961 9 17 111 171 72
50468 1961 9 18 135 216 61
50468 1961 9 19 164 225 90
50468 1961 9 20 170 249 87
50468 1961 9 21 145 217 81
50468 1961 9 22 167 242 94
50468 1961 9 23 141 207 79
50468 1961 9 24 133 208 69
50468 1961 9 25 149 228 76
50468 1961 9 26 133 205 57
50468 1961 9 27 128 165 90
50468 1961 9 28 91 140 38
50468 1961 9 29 55 142 -17
50468 1961 9 30 79 175 -9
50468 1961 10 1 104 218 0
50468 1961 10 2 107 193 36
50468 1961 10 3 94 184 5
50468 1961 10 4 91 195 -6
50468 1961 10 5 77 166 26
50468 1961 10 6 68 103 45
50468 1961 10 7 82 150 24
50468 1961 10 8 77 142 38
50468 1961 10 9 78 174 4
50468 1961 10 10 73 175 -5
50468 1961 10 11 37 136 -8
50468 1961 10 12 -17 28 -45
50468 1961 10 13 -1 61 -73
50468 1961 10 14 57 133 32766
50468 1961 10 15 44 130 -23
50468 1961 10 16 9 57 -16
50468 1961 10 17 -1 76 -65
50468 1961 10 18 -3 58 -41
50468 1961 10 19 -46 0 -94
50468 1961 10 20 -35 26 -91
50468 1961 10 21 -43 23 -100
50468 1961 10 22 -53 -8 -83
50468 1961 10 23 -61 -3 -108
50468 1961 10 24 -50 32 -116
50468 1961 10 25 -33 35 -122
50468 1961 10 26 6 32 -1
50468 1961 10 27 27 66 -11
50468 1961 10 28 -40 52 -80
50468 1961 10 29 -64 -8 -98
50468 1961 10 30 -59 11 -108
50468 1961 10 31 -73 9 -133
50468 1961 11 1 -40 36 -106
50468 1961 11 2 -51 32 -117
50468 1961 11 3 -58 5 -124
50468 1961 11 4 -47 31 -108
50468 1961 11 5 8 93 -84
50468 1961 11 6 5 56 -52
50468 1961 11 7 4 61 -51
50468 1961 11 8 -102 -37 -143
50468 1961 11 9 -160 -119 -176
50468 1961 11 10 -144 -115 -165
50468 1961 11 11 -113 -77 -170
50468 1961 11 12 -91 -38 -169
50468 1961 11 13 -106 -14 -176
50468 1961 11 14 -50 3 -104
50468 1961 11 15 -80 -4 -127
50468 1961 11 16 -27 63 -107
50468 1961 11 17 -85 -3 -130
50468 1961 11 18 -155 -113 -180
50468 1961 11 19 -159 -101 -221
50468 1961 11 20 -86 -47 -133
50468 1961 11 21 -132 -84 -187
50468 1961 11 22 -149 -101 -208
50468 1961 11 23 -145 -63 -200
50468 1961 11 24 -103 -69 -197
50468 1961 11 25 -94 -34 -165
50468 1961 11 26 -41 51 -128
50468 1961 11 27 -80 5 -126
50468 1961 11 28 -138 -64 -190
50468 1961 11 29 -122 -48 -209
50468 1961 11 30 -135 -76 -174
50468 1961 12 1 -136 -95 -160
50468 1961 12 2 -134 -67 -188
50468 1961 12 3 -109 -37 -178
50468 1961 12 4 -146 -102 -180
50468 1961 12 5 -193 -146 -251
50468 1961 12 6 -223 -148 -290
50468 1961 12 7 -167 -126 -208
50468 1961 12 8 -201 -130 -254
50468 1961 12 9 -126 -76 -208
50468 1961 12 10 -189 -132 -235
50468 1961 12 11 -206 -159 -254
50468 1961 12 12 -183 -138 -251
50468 1961 12 13 -218 -187 -249
50468 1961 12 14 -230 -196 -268
50468 1961 12 15 -213 -167 -252
50468 1961 12 16 -217 -168 -271
50468 1961 12 17 -188 -151 -239
50468 1961 12 18 -140 -106 -166
50468 1961 12 19 -184 -143 -200
50468 1961 12 20 -196 -172 -241
50468 1961 12 21 -188 -149 -243
50468 1961 12 22 -170 -151 -185
50468 1961 12 23 -157 -134 -190
50468 1961 12 24 -248 -159 -309
50468 1961 12 25 -150 -118 -221
50468 1961 12 26 -136 -108 -191
50468 1961 12 27 -195 -141 -243
50468 1961 12 28 -185 -146 -210
50468 1961 12 29 -217 -176 -244
50468 1961 12 30 -246 -188 -279
50468 1961 12 31 -264 -174 -309
50468 1962 1 1 -288 -230 -325
50468 1962 1 2 -295 -236 -339
50468 1962 1 3 -288 -222 -328
50468 1962 1 4 -284 -243 -324
50468 1962 1 5 -279 -217 -337
50468 1962 1 6 -256 -183 -310
50468 1962 1 7 -251 -183 -291
50468 1962 1 8 -229 -151 -287
50468 1962 1 9 -239 -180 -280
50468 1962 1 10 -245 -186 -283
50468 1962 1 11 -231 -198 -267
50468 1962 1 12 -219 -164 -265
50468 1962 1 13 -194 -159 -239
50468 1962 1 14 -208 -146 -254
50468 1962 1 15 -188 -118 -258
50468 1962 1 16 -190 -107 -253
50468 1962 1 17 -204 -153 -266
50468 1962 1 18 -257 -169 -304
50468 1962 1 19 -228 -163 -292
50468 1962 1 20 -205 -161 -240
50468 1962 1 21 -207 -146 -261
50468 1962 1 22 -190 -125 -227
50468 1962 1 23 -156 -101 -206
50468 1962 1 24 -158 -116 -197
50468 1962 1 25 -187 -128 -221
50468 1962 1 26 -176 -122 -218
50468 1962 1 27 -164 -98 -215
50468 1962 1 28 -164 -108 -199
50468 1962 1 29 -167 -122 -209
50468 1962 1 30 -186 -132 -238
50468 1962 1 31 -213 -133 -269
50468 1962 2 1 -196 -117 -261
50468 1962 2 2 -185 -97 -270
50468 1962 2 3 -208 -125 -266
50468 1962 2 4 -231 -153 -284
50468 1962 2 5 -222 -152 -284
50468 1962 2 6 -203 -105 -266
50468 1962 2 7 -191 -101 -259
50468 1962 2 8 -74 -9 -175
50468 1962 2 9 -113 -39 -180
50468 1962 2 10 -217 -136 -271
50468 1962 2 11 -210 -164 -257
50468 1962 2 12 -234 -190 -277
50468 1962 2 13 -251 -153 -309
50468 1962 2 14 -203 -134 -287
50468 1962 2 15 -170 -119 -219
50468 1962 2 16 -130 -67 -227
50468 1962 2 17 -176 -107 -222
50468 1962 2 18 -194 -122 -259
50468 1962 2 19 -171 -61 -238
50468 1962 2 20 -200 -118 -263
50468 1962 2 21 -160 -89 -230
50468 1962 2 22 -186 -116 -239
50468 1962 2 23 -200 -122 -256
50468 1962 2 24 -178 -113 -230
50468 1962 2 25 -166 -114 -217
50468 1962 2 26 -176 -103 -235
50468 1962 2 27 -191 -98 -263
50468 1962 2 28 -178 -83 -253
50468 1962 3 1 -128 -51 -202
50468 1962 3 2 -103 -2 -196
50468 1962 3 3 -85 2 -184
50468 1962 3 4 -118 -37 -175
50468 1962 3 5 -173 -110 -249
50468 1962 3 6 -175 -123 -216
50468 1962 3 7 -170 -106 -228
50468 1962 3 8 -196 -102 -263
50468 1962 3 9 -167 -103 -227
50468 1962 3 10 -130 -75 -193
50468 1962 3 11 -179 -78 -252
50468 1962 3 12 -180 -97 -248
50468 1962 3 13 -169 -96 -255
50468 1962 3 14 -129 -107 -143
50468 1962 3 15 -155 -89 -191
50468 1962 3 16 -94 -41 -212
50468 1962 3 17 -91 -45 -141
50468 1962 3 18 -95 -39 -165
50468 1962 3 19 -79 -2 -143
50468 1962 3 20 -83 -6 -150
50468 1962 3 21 -93 -21 -150
50468 1962 3 22 -100 -27 -161
50468 1962 3 23 -87 -18 -147
50468 1962 3 24 -92 -34 -150
50468 1962 3 25 -115 -56 -148
50468 1962 3 26 -101 -30 -196
50468 1962 3 27 -85 -23 -139
50468 1962 3 28 -95 -39 -131
50468 1962 3 29 -67 8 -164
50468 1962 3 30 -6 70 -96
50468 1962 3 31 9 56 -25
50468 1962 4 1 -35 2 -57
50468 1962 4 2 -62 -18 -111
50468 1962 4 3 -57 -22 -92
50468 1962 4 4 -58 2 -103
50468 1962 4 5 -36 18 -111
50468 1962 4 6 -36 -16 -64
50468 1962 4 7 -29 13 -46
50468 1962 4 8 -24 55 -104
50468 1962 4 9 -19 54 -100
50468 1962 4 10 16 70 -42
50468 1962 4 11 24 74 -14
50468 1962 4 12 19 72 -15
50468 1962 4 13 23 96 -34
50468 1962 4 14 46 133 -43
50468 1962 4 15 79 148 -3
50468 1962 4 16 64 115 10
50468 1962 4 17 -4 40 -44
50468 1962 4 18 9 75 -74
50468 1962 4 19 29 93 -52
50468 1962 4 20 49 139 -32
50468 1962 4 21 85 217 -14
50468 1962 4 22 23 81 -23
50468 1962 4 23 74 176 -44
50468 1962 4 24 106 217 -2
50468 1962 4 25 151 228 82
50468 1962 4 26 127 225 8
50468 1962 4 27 26 161 6
50468 1962 4 28 52 136 -34
50468 1962 4 29 70 137 5
50468 1962 4 30 74 150 -26
50468 1962 5 1 79 164 -16
50468 1962 5 2 84 132 33
50468 1962 5 3 61 89 38
50468 1962 5 4 61 119 -7
50468 1962 5 5 62 118 32
50468 1962 5 6 67 110 31
50468 1962 5 7 99 188 7
50468 1962 5 8 82 147 13
50468 1962 5 9 86 146 16
50468 1962 5 10 95 143 57
50468 1962 5 11 84 147 36
50468 1962 5 12 79 155 7
50468 1962 5 13 122 215 21
50468 1962 5 14 148 221 43
50468 1962 5 15 118 172 89
50468 1962 5 16 157 244 65
50468 1962 5 17 178 270 90
50468 1962 5 18 196 257 143
50468 1962 5 19 187 298 119
50468 1962 5 20 88 140 7
50468 1962 5 21 101 166 -4
50468 1962 5 22 95 178 12
50468 1962 5 23 109 200 -6
50468 1962 5 24 138 221 27
50468 1962 5 25 110 188 75
50468 1962 5 26 118 174 56
50468 1962 5 27 146 211 54
50468 1962 5 28 106 163 78
50468 1962 5 29 131 209 54
50468 1962 5 30 151 232 32
50468 1962 5 31 176 264 97
50468 1962 6 1 164 238 84
50468 1962 6 2 188 260 83
50468 1962 6 3 165 240 59
50468 1962 6 4 184 243 118
50468 1962 6 5 164 222 117
50468 1962 6 6 148 217 84
50468 1962 6 7 191 268 96
50468 1962 6 8 194 276 84
50468 1962 6 9 204 291 96
50468 1962 6 10 228 294 147
50468 1962 6 11 194 275 124
50468 1962 6 12 137 178 106
50468 1962 6 13 139 210 75
50468 1962 6 14 167 250 44
50468 1962 6 15 175 227 126
50468 1962 6 16 158 224 106
50468 1962 6 17 138 202 112
50468 1962 6 18 158 225 78
50468 1962 6 19 210 302 95
50468 1962 6 20 219 263 150
50468 1962 6 21 223 294 152
50468 1962 6 22 220 294 135
50468 1962 6 23 230 294 149
50468 1962 6 24 212 290 127
50468 1962 6 25 185 241 127
50468 1962 6 26 160 232 86
50468 1962 6 27 188 251 95
50468 1962 6 28 230 332 105
50468 1962 6 29 229 310 160
50468 1962 6 30 188 239 121
50468 1962 7 1 178 264 69
50468 1962 7 2 202 282 84
50468 1962 7 3 220 298 120
50468 1962 7 4 217 280 145
50468 1962 7 5 217 285 156
50468 1962 7 6 211 289 145
50468 1962 7 7 180 235 148
50468 1962 7 8 166 196 155
50468 1962 7 9 187 245 145
50468 1962 7 10 174 211 145
50468 1962 7 11 214 277 157
50468 1962 7 12 234 301 158
50468 1962 7 13 257 326 162
50468 1962 7 14 215 253 179
50468 1962 7 15 217 265 185
50468 1962 7 16 214 277 166
50468 1962 7 17 222 281 175
50468 1962 7 18 203 225 183
50468 1962 7 19 191 210 165
50468 1962 7 20 204 252 173
50468 1962 7 21 209 264 170
50468 1962 7 22 207 269 168
50468 1962 7 23 205 256 146
50468 1962 7 24 219 272 163
50468 1962 7 25 219 265 175
50468 1962 7 26 208 235 190
50468 1962 7 27 218 270 184
50468 1962 7 28 209 249 181
50468 1962 7 29 169 210 157
50468 1962 7 30 155 173 139
50468 1962 7 31 180 226 145
50468 1962 8 1 181 230 146
50468 1962 8 2 180 246 125
50468 1962 8 3 187 251 117
50468 1962 8 4 210 265 165
50468 1962 8 5 200 271 132
50468 1962 8 6 201 256 152
50468 1962 8 7 218 297 141
50468 1962 8 8 228 300 149
50468 1962 8 9 198 240 175
50468 1962 8 10 194 249 135
50468 1962 8 11 185 263 122
50468 1962 8 12 183 228 135
50468 1962 8 13 145 183 124
50468 1962 8 14 163 220 120
50468 1962 8 15 176 236 94
50468 1962 8 16 168 234 107
50468 1962 8 17 168 225 116
50468 1962 8 18 192 280 96
50468 1962 8 19 198 270 137
50468 1962 8 20 192 242 147
50468 1962 8 21 189 220 162
50468 1962 8 22 178 236 138
50468 1962 8 23 177 245 107
50468 1962 8 24 152 220 94
50468 1962 8 25 122 150 111
50468 1962 8 26 126 174 98
50468 1962 8 27 139 180 78
50468 1962 8 28 151 173 133
50468 1962 8 29 154 165 145
50468 1962 8 30 167 198 143
50468 1962 8 31 163 180 153
50468 1962 9 1 150 166 130
50468 1962 9 2 163 194 142
50468 1962 9 3 167 207 144
50468 1962 9 4 171 229 116
50468 1962 9 5 173 246 107
50468 1962 9 6 150 234 117
50468 1962 9 7 131 170 89
50468 1962 9 8 119 172 80
50468 1962 9 9 122 162 85
50468 1962 9 10 133 190 106
50468 1962 9 11 131 199 78
50468 1962 9 12 123 208 47
50468 1962 9 13 114 147 65
50468 1962 9 14 129 190 82
50468 1962 9 15 145 215 67
50468 1962 9 16 141 196 77
50468 1962 9 17 165 235 112
50468 1962 9 18 136 189 99
50468 1962 9 19 96 164 47
50468 1962 9 20 112 181 64
50468 1962 9 21 88 124 52
50468 1962 9 22 65 111 30
50468 1962 9 23 62 115 20
50468 1962 9 24 58 118 13
50468 1962 9 25 88 167 9
50468 1962 9 26 100 171 16
50468 1962 9 27 81 120 50
50468 1962 9 28 63 113 28
50468 1962 9 29 33 93 -4
50468 1962 9 30 66 142 -17
50468 1962 10 1 129 198 29
50468 1962 10 2 44 118 23
50468 1962 10 3 43 96 14
50468 1962 10 4 37 72 1
50468 1962 10 5 51 126 -29
50468 1962 10 6 27 77 -5
50468 1962 10 7 4 63 -29
50468 1962 10 8 -7 56 -63
50468 1962 10 9 32 84 -31
50468 1962 10 10 33 105 -43
50468 1962 10 11 40 95 7
50468 1962 10 12 8 56 -18
50468 1962 10 13 6 53 -45
50468 1962 10 14 15 59 -16
50468 1962 10 15 5 54 -27
50468 1962 10 16 9 60 -27
50468 1962 10 17 3 61 -56
50468 1962 10 18 -2 27 -37
50468 1962 10 19 -2 31 -22
50468 1962 10 20 -6 54 -56
50468 1962 10 21 -7 65 -49
50468 1962 10 22 4 80 -54
50468 1962 10 23 14 73 -24
50468 1962 10 24 8 67 -35
50468 1962 10 25 20 104 -39
50468 1962 10 26 34 114 -31
50468 1962 10 27 37 153 -39
50468 1962 10 28 69 143 2
50468 1962 10 29 15 77 -27
50468 1962 10 30 -48 17 -76